Initializing I2C devices...
Testing device connections...
MPU6050 connection successful
averaging 1000 readings each time
expanding:
....	XAccel			YAccel				ZAccel			XGyro			YGyro			ZGyro
 [0,0] --> [3096,3093]	[0,0] --> [231,229]	[0,0] --> [-1248,-1252]	[0,0] --> [-207,-208]	[0,0] --> [-17,-17]	[0,0] --> [-47,-47]
.... [-1000,0] --> [-6401,3095]	[-1000,0] --> [-8391,231]	[0,1000] --> [-1249,8130]	[0,1000] --> [-207,3790]	[0,1000] --> [-17,3979]	[0,1000] --> [-48,3947]
.... [-1000,0] --> [-6403,3098]	[-1000,0] --> [-8394,229]	[0,2000] --> [-1251,17496]	[0,1000] --> [-205,3790]	[0,1000] --> [-14,3979]	[0,1000] --> [-43,3947]

closing in:
..	XAccel			YAccel				ZAccel			XGyro			YGyro			ZGyro
 [-500,0] --> [-1653,3098]	[-500,0] --> [-4081,229]	[1000,2000] --> [8122,17496]	[0,500] --> [-205,1794]	[0,500] --> [-14,1984]	[0,500] --> [-43,1953]
.. [-500,-250] --> [-1653,720]	[-250,0] --> [-1928,229]	[1500,2000] --> [12809,17496]	[0,250] --> [-205,793]	[0,250] --> [-14,983]	[0,250] --> [-43,953]
.. [-375,-250] --> [-476,720]	[-125,0] --> [-857,229]	[1750,2000] --> [15152,17496]	[0,125] --> [-205,293]	[0,125] --> [-14,482]	[0,125] --> [-43,452]
.. [-375,-312] --> [-476,132]	[-62,0] --> [-306,229]	[1875,2000] --> [16314,17496]	[0,62] --> [-205,40]	[0,62] --> [-14,230]	[0,62] --> [-43,200]
.. [-343,-312] --> [-175,132]	[-31,0] --> [-45,229]	[1875,1937] --> [16314,16897]	[31,62] --> [-83,40]	[0,31] --> [-14,106]	[0,31] --> [-43,75]
..	XAccel			YAccel				ZAccel			XGyro			YGyro			ZGyro
 [-327,-312] --> [-20,132]	[-31,-15] --> [-45,88]	[1875,1906] --> [16314,16614]	[46,62] --> [-23,40]	[0,15] --> [-14,41]	[0,15] --> [-43,11]
.. [-327,-319] --> [-20,54]	[-31,-23] --> [-45,18]	[1875,1890] --> [16314,16467]	[46,54] --> [-23,7]	[0,7] --> [-14,10]	[7,15] --> [-19,11]
.. [-327,-323] --> [-20,16]	[-27,-23] --> [-11,18]	[1875,1882] --> [16314,16390]	[50,54] --> [-7,7]	[3,7] --> [-5,10]	[11,15] --> [-4,11]
.. [-325,-323] --> [-2,16]	[-27,-25] --> [-11,6]	[1878,1882] --> [16352,16390]	[52,54] --> [0,7]	[3,5] --> [-5,2]	[11,13] --> [-4,3]
averaging 24464 readings each time
................................................ [-325,-324] --> [-2,18]	[-27,-26] --> [-11,4]	[1880,1882] --> [16370,16390]	[52,53] --> [0,3]	[4,5] --> [-2,2]	[12,13] --> [0,3]
................................................	XAccel			YAccel				ZAccel			XGyro			YGyro			ZGyro
 [-325,-324] --> [0,18]	[-27,-26] --> [-13,4]	[1881,1882] --> [16371,16390]	[52,53] --> [0,3]	[4,5] --> [-2,2]	[12,13] --> [0,3]
................................................ [-325,-324] --> [0,18]	[-27,-26] --> [-11,4]	[1881,1882] --> [16373,16390]	[52,53] --> [0,3]	[4,5] --> [-2,2]	[12,13] --> [0,3]
-------------- done --------------

