Initializing I2C devices...
Testing device connections...
MPU6050 connection successful
averaging 12000 readings each time
expanding:
................................................	XAccel			YAccel				ZAccel			XGyro			YGyro			ZGyro
 [0,0] --> [3098,3098]	[0,0] --> [220,220]	[0,0] --> [-1278,-1278]	[0,0] --> [-211,-211]	[0,0] --> [-16,-16]	[0,0] --> [-47,-47]
................................................ [-1000,0] --> [-6401,3097]	[-1000,0] --> [-8404,222]	[0,1000] --> [-1279,8096]	[0,1000] --> [-211,3788]	[0,1000] --> [-16,3982]	[0,1000] --> [-47,3952]
................................................ [-1000,0] --> [-6402,3095]	[-1000,0] --> [-8403,223]	[0,2000] --> [-1276,17473]	[0,1000] --> [-211,3787]	[0,1000] --> [-16,3983]	[0,1000] --> [-47,3952]

closing in:
........................	XAccel			YAccel				ZAccel			XGyro			YGyro			ZGyro
 [-500,0] --> [-1652,3095]	[-500,0] --> [-4090,223]	[1000,2000] --> [8099,17473]	[0,500] --> [-211,1788]	[0,500] --> [-16,1983]	[0,500] --> [-47,1952]
........................ [-500,-250] --> [-1652,723]	[-250,0] --> [-1934,223]	[1500,2000] --> [12787,17473]	[0,250] --> [-211,788]	[0,250] --> [-16,983]	[0,250] --> [-47,952]
........................ [-375,-250] --> [-474,723]	[-125,0] --> [-865,223]	[1750,2000] --> [15131,17473]	[0,125] --> [-211,288]	[0,125] --> [-16,482]	[0,125] --> [-47,452]
........................ [-375,-312] --> [-474,134]	[-62,0] --> [-311,223]	[1875,2000] --> [16292,17473]	[0,62] --> [-211,36]	[0,62] --> [-16,230]	[0,62] --> [-47,200]
........................ [-343,-312] --> [-169,134]	[-31,0] --> [-52,223]	[1875,1937] --> [16292,16876]	[31,62] --> [-87,36]	[0,31] --> [-16,106]	[0,31] --> [-47,76]
........................	XAccel			YAccel				ZAccel			XGyro			YGyro			ZGyro
 [-327,-312] --> [-17,134]	[-31,-15] --> [-52,85]	[1875,1906] --> [16292,16596]	[46,62] --> [-26,36]	[0,15] --> [-16,42]	[0,15] --> [-47,12]
........................ [-327,-319] --> [-17,57]	[-31,-23] --> [-52,17]	[1875,1890] --> [16292,16447]	[46,54] --> [-26,5]	[0,7] --> [-16,10]	[7,15] --> [-19,12]
........................ [-327,-323] --> [-17,18]	[-27,-23] --> [-16,17]	[1882,1890] --> [16372,16447]	[50,54] --> [-11,5]	[3,7] --> [-5,10]	[11,15] --> [-3,12]
........................ [-325,-323] --> [0,18]	[-27,-25] --> [-16,1]	[1882,1886] --> [16372,16411]	[52,54] --> [-2,5]	[3,5] --> [-5,2]	[11,13] --> [-3,4]
averaging 24464 readings each time
................................................ [-325,-324] --> [0,18]	[-27,-26] --> [-16,1]	[1882,1884] --> [16372,16395]	[52,53] --> [-2,1]	[4,5] --> [-1,2]	[12,13] --> [0,4]
................................................	XAccel			YAccel				ZAccel			XGyro			YGyro			ZGyro
 [-325,-324] --> [0,18]	[-27,-26] --> [-13,1]	[1883,1884] --> [16380,16395]	[52,53] --> [-2,1]	[4,5] --> [-1,2]	[12,13] --> [0,4]
................................................ [-325,-324] --> [0,18]	[-27,-26] --> [-13,1]	[1883,1884] --> [16379,16395]	[52,53] --> [-2,1]	[4,5] --> [-1,2]	[12,13] --> [0,4]
-------------- done --------------

