0x1 (POWERON_RESET),boot:0x13 (SPI_FAST_FLASH_BOOT)
configsip: ....	XAccel			YAccel				ZAccel			XGyro			YGyro			ZGyro
 [0,0] --> [3260,3262]	[0,0] --> [61,58]	[0,0] --> [-564,-572]	[0,0] --> [-240,-244]	[0,0] --> [33,31]	[0,0] --> [-60,-58]
.... [-1000,0] --> [-6235,3266]	[-1000,0] --> [-8566,60]	[0,1000] --> [-574,8796]	[0,1000] --> [-243,3753]	[-1000,0] --> [-3964,29]	[0,1000] --> [-58,3937]
.... [-1000,0] --> [-6232,3264]	[-1000,0] --> [-8565,58]	[0,2000] --> [-584,18164]	[0,1000] --> [-243,3752]	[-1000,0] --> [-3964,28]	[0,1000] --> [-54,3937]

closing in:
..	XAccel			YAccel				ZAccel			XGyro			YGyro			ZGyro
 [-500,0] --> [-1484,3264]	[-500,0] --> [-4257,58]	[1000,2000] --> [8789,18164]	[0,500] --> [-243,1754]	[-500,0] --> [-1967,28]	[0,500] --> [-54,1943]
.. [-500,-250] --> [-1484,890]	[-250,0] --> [-2097,58]	[1500,2000] --> [13474,18164]	[0,250] --> [-243,754]	[-250,0] --> [-968,28]	[0,250] --> [-54,942]
.. [-375,-250] --> [-307,890]	[-125,0] --> [-1030,58]	[1750,2000] --> [15818,18164]	[0,125] --> [-243,255]	[-125,0] --> [-468,28]	[0,125] --> [-54,441]
.. [-375,-312] --> [-307,301]	[-62,0] --> [-478,58]	[1750,1875] --> [15818,16976]	[0,62] --> [-243,2]	[-62,0] --> [-216,28]	[0,62] --> [-54,190]
.. [-343,-312] --> [-2,301]	[-31,0] --> [-220,58]	[1750,1812] --> [15818,16387]	[31,62] --> [-122,2]	[-31,0] --> [-92,28]	[0,31] --> [-54,66]
..	XAccel			YAccel				ZAccel			XGyro			YGyro			ZGyro
 [-343,-327] --> [-2,152]	[-15,0] --> [-82,58]	[1781,1812] --> [16084,16387]	[46,62] --> [-62,2]	[-15,0] --> [-29,28]	[15,31] --> [0,66]
.. [-343,-335] --> [-2,75]	[-7,0] --> [-14,58]	[1796,1812] --> [16236,16387]	[54,62] --> [-30,2]	[-15,-7] --> [-29,2]	[15,23] --> [0,32]
.. [-343,-339] --> [-2,33]	[-7,-3] --> [-14,21]	[1804,1812] --> [16314,16387]	[58,62] --> [-15,2]	[-11,-7] --> [-13,2]	[15,19] --> [0,16]
.. [-343,-341] --> [-2,20]	[-7,-5] --> [-14,4]	[1808,1812] --> [16343,16387]	[60,62] --> [-6,2]	[-9,-7] --> [-6,2]	[15,17] --> [0,8]
averaging 10000 readings each time
.................... [-343,-342] --> [-2,19]	[-7,-6] --> [-14,2]	[1810,1812] --> [16364,16387]	[61,62] --> [-1,2]	[-8,-7] --> [-2,2]	[15,16] --> [0,5]
....................	XAccel			YAccel				ZAccel			XGyro			YGyro			ZGyro
 [-343,-343] --> [-2,2]	[-7,-6] --> [-16,2]	[1811,1812] --> [16359,16387]	[61,62] --> [-2,2]	[-8,-7] --> [-2,2]	[15,15] --> [0,1]
.................... [-343,-343] --> [-2,1]	[-7,-6] --> [-15,2]	[1811,1812] --> [16357,16387]	[61,62] --> [-2,2]	[-8,-7] --> [-3,2]	[15,15] --> [0,1]
-------------- done --------------

